[398, 251, 111, 244, 30, 325, 490, 417, 431, 121, 105, 6, 303, 120, 305, 371, 365, 318, 426, 151, 433, 65, 314, 170, 87]
[214, 173, 391, 233, 349, 426, 452, 416, 359, 202, 224, 274, 181, 49, 118, 439, 290, 339, 327, 27, 263, 195, 29, 125, 177]
[35, 300, 459, 270, 30, 376, 484, 464, 355, 114, 46, 221, 328, 124, 486, 339, 483, 6, 425, 243, 392, 360, 399, 179, 275]
[91, 274, 65, 275, 5, 190, 198, 435, 9, 266, 317, 100, 452, 444, 95, 449, 214, 97, 480, 249, 189, 285, 373, 147, 92]
[37, 195, 420, 497, 152, 183, 483, 464, 132, 395, 417, 131, 33, 63, 147, 112, 55, 488, 304, 91, 279, 411, 59, 87, 297]
[45, 140, 192, 18, 310, 205, 95, 447, 239, 347, 20, 481, 294, 394, 314, 428, 240, 497, 320, 182, 387, 284, 458, 443, 485]
[274, 129, 498, 454, 470, 449, 243, 236, 203, 442, 340, 233, 373, 114, 436, 105, 294, 376, 83, 1, 461, 327, 182, 177, 467]
[327, 354, 309, 61, 486, 449, 171, 395, 316, 93, 404, 299, 308, 433, 375, 110, 366, 279, 13, 322, 484, 348, 287, 82, 411]
[248, 454, 434, 397, 170, 467, 465, 204, 255, 493, 159, 477, 329, 98, 358, 263, 319, 340, 51, 232, 171, 138, 60, 142, 383]
[153, 89, 164, 78, 92, 105, 99, 290, 169, 53, 269, 458, 431, 207, 160, 5, 201, 138, 292, 259, 233, 461, 491, 241, 322]
[393, 299, 233, 470, 275, 199, 86, 75, 188, 378, 62, 238, 333, 475, 443, 105, 241, 54, 127, 91, 111, 454, 471, 27, 251]
[150, 23, 109, 377, 203, 364, 43, 454, 262, 191, 338, 107, 126, 160, 271, 389, 436, 467, 418, 218, 437, 420, 45, 21, 93]
[54, 232, 339, 104, 303, 459, 170, 419, 156, 165, 89, 262, 225, 491, 235, 131, 452, 214, 1, 424, 464, 207, 465, 123, 162]
[265, 271, 247, 495, 369, 140, 111, 340, 170, 376, 397, 167, 353, 246, 291, 295, 484, 240, 365, 445, 138, 258, 144, 20, 366]
[445, 274, 151, 355, 252, 188, 404, 13, 159, 338, 458, 448, 107, 244, 289, 330, 367, 25, 114, 202, 23, 360, 161, 468, 334]
[320, 217, 457, 57, 47, 403, 444, 352, 292, 410, 456, 408, 167, 422, 69, 305, 283, 486, 137, 219, 379, 201, 304, 311, 65]
[126, 410, 360, 369, 493, 58, 481, 195, 121, 162, 236, 103, 182, 155, 250, 261, 440, 196, 29, 319, 347, 55, 353, 95, 115]
[344, 138, 260, 381, 152, 250, 237, 293, 141, 86, 361, 240, 357, 482, 118, 340, 399, 134, 473, 309, 38, 485, 487, 137, 359]
[365, 348, 376, 161, 28, 371, 239, 492, 123, 281, 383, 129, 130, 500, 423, 190, 413, 294, 393, 439, 410, 498, 232, 425, 138]
[471, 369, 177, 229, 341, 228, 454, 492, 136, 354, 413, 93, 390, 199, 152, 41, 25, 315, 302, 424, 148, 473, 491, 274, 172]
[14, 363, 404, 282, 344, 75, 239, 447, 330, 50, 183, 434, 57, 451, 109, 30, 342, 210, 146, 6, 332, 17, 194, 207, 285]
[170, 338, 292, 370, 74, 121, 323, 81, 7, 120, 194, 176, 432, 117, 279, 49, 256, 304, 169, 353, 281, 230, 499, 446, 316]
[55, 280, 256, 29, 9, 357, 144, 254, 30, 47, 150, 180, 293, 392, 2, 129, 371, 369, 251, 337, 111, 365, 456, 235, 128]
[368, 261, 257, 335, 326, 119, 240, 128, 215, 447, 110, 434, 129, 483, 271, 388, 260, 13, 183, 459, 320, 196, 290, 337, 96]
[332, 349, 364, 96, 423, 97, 347, 442, 184, 498, 471, 466, 12, 324, 147, 302, 476, 213, 99, 112, 291, 248, 385, 49, 429]
[60, 123, 422, 77, 146, 285, 19, 499, 320, 220, 213, 256, 97, 366, 64, 341, 494, 257, 325, 352, 153, 39, 349, 111, 90]
[174, 157, 270, 81, 257, 363, 330, 173, 423, 309, 72, 47, 146, 264, 113, 141, 482, 437, 323, 86, 171, 164, 196, 449, 27]
[458, 55, 438, 221, 129, 281, 266, 239, 44, 361, 317, 257, 19, 448, 300, 127, 410, 196, 393, 141, 205, 377, 91, 493, 208]
[453, 160, 36, 185, 20, 485, 330, 39, 355, 123, 263, 143, 392, 74, 85, 29, 151, 298, 306, 87, 418, 280, 181, 351, 131]
[470, 92, 10, 388, 347, 297, 231, 413, 58, 143, 87, 114, 477, 253, 421, 302, 407, 53, 260, 386, 333, 374, 484, 439, 244]
[357, 216, 38, 159, 8, 495, 329, 291, 206, 61, 168, 388, 231, 390, 339, 278, 333, 133, 450, 292, 267, 10, 76, 485, 122]
[290, 157, 275, 389, 453, 43, 252, 363, 280, 229, 215, 74, 355, 162, 313, 447, 415, 267, 54, 473, 412, 216, 359, 223, 467]
[48, 78, 241, 58, 53, 40, 436, 144, 282, 44, 490, 351, 110, 61, 255, 233, 95, 465, 169, 341, 357, 5, 461, 234, 473]
[335, 445, 370, 406, 8, 33, 145, 79, 191, 472, 105, 107, 136, 476, 491, 459, 467, 223, 171, 204, 290, 409, 196, 212, 160]
[389, 238, 497, 289, 370, 185, 420, 385, 6, 140, 447, 245, 268, 200, 126, 276, 411, 437, 291, 164, 72, 321, 189, 58, 180]
[170, 135, 441, 334, 262, 71, 318, 473, 406, 109, 322, 482, 439, 349, 290, 105, 458, 444, 232, 17, 44, 116, 248, 491, 477]
[472, 226, 244, 401, 478, 130, 88, 247, 105, 299, 172, 191, 18, 368, 446, 266, 230, 480, 254, 218, 183, 310, 9, 151, 288]
[237, 384, 406, 463, 13, 477, 273, 107, 134, 168, 341, 336, 371, 252, 227, 356, 37, 339, 170, 397, 310, 421, 473, 10, 360]
[417, 367, 145, 194, 375, 377, 217, 300, 343, 8, 38, 89, 409, 231, 117, 104, 414, 427, 94, 1, 362, 208, 328, 31, 172]
[424, 294, 381, 144, 427, 177, 153, 253, 357, 191, 270, 470, 229, 441, 121, 402, 414, 180, 118, 112, 130, 448, 169, 366, 225]
[301, 355, 16, 443, 245, 336, 168, 187, 153, 266, 311, 291, 108, 403, 363, 288, 156, 121, 57, 290, 366, 424, 147, 342, 436]
[415, 106, 331, 357, 155, 295, 424, 387, 2, 302, 77, 25, 204, 175, 461, 223, 272, 304, 464, 191, 201, 382, 306, 256, 316]
[251, 372, 369, 142, 158, 460, 327, 497, 376, 302, 272, 4, 64, 262, 313, 464, 53, 209, 320, 86, 74, 188, 441, 414, 374]
[136, 470, 110, 372, 160, 281, 227, 493, 138, 359, 404, 61, 189, 431, 276, 81, 196, 488, 191, 46, 440, 355, 430, 277, 92]
[154, 190, 333, 390, 263, 184, 242, 442, 207, 90, 499, 225, 479, 452, 158, 26, 248, 149, 402, 303, 199, 210, 458, 73, 219]
[336, 160, 498, 13, 199, 310, 326, 374, 349, 117, 3, 185, 447, 268, 21, 500, 258, 337, 4, 233, 308, 101, 212, 77, 192]
[134, 53, 47, 389, 242, 64, 297, 115, 144, 271, 129, 252, 423, 491, 12, 286, 61, 287, 158, 488, 207, 420, 201, 259, 82]
[90, 22, 320, 36, 285, 301, 253, 241, 46, 169, 411, 199, 293, 41, 303, 133, 388, 265, 493, 419, 275, 97, 16, 371, 160]
[102, 292, 100, 97, 94, 179, 14, 103, 360, 345, 482, 148, 239, 474, 13, 286, 78, 402, 231, 500, 74, 283, 466, 192, 204]
[409, 357, 124, 35, 120, 421, 36, 154, 60, 314, 454, 444, 95, 406, 7, 495, 353, 389, 461, 23, 302, 499, 32, 436, 500]
[402, 278, 412, 37, 264, 310, 461, 238, 490, 254, 179, 232, 91, 9, 358, 447, 311, 287, 117, 252, 30, 18, 155, 329, 23]
[414, 428, 113, 397, 29, 112, 199, 284, 140, 494, 351, 163, 378, 36, 57, 235, 165, 62, 447, 11, 458, 63, 310, 283, 169]
[122, 187, 110, 2, 463, 250, 191, 202, 412, 287, 206, 313, 275, 155, 13, 77, 130, 302, 422, 333, 194, 225, 442, 152, 477]
[498, 462, 488, 136, 458, 442, 422, 126, 141, 269, 274, 155, 197, 180, 60, 31, 173, 235, 465, 315, 286, 63, 259, 407, 113]
[109, 242, 412, 342, 257, 226, 184, 62, 73, 340, 299, 480, 42, 488, 61, 97, 292, 10, 427, 473, 375, 175, 131, 319, 330]
[83, 493, 118, 65, 268, 141, 164, 250, 139, 262, 494, 366, 108, 125, 71, 181, 259, 179, 321, 133, 323, 413, 204, 143, 35]
[429, 284, 423, 453, 32, 304, 394, 203, 33, 97, 278, 420, 217, 238, 252, 415, 343, 256, 331, 368, 371, 372, 42, 116, 192]
[178, 164, 264, 265, 203, 130, 499, 334, 233, 54, 186, 488, 399, 274, 235, 125, 419, 171, 424, 456, 492, 237, 99, 108, 62]
[21, 304, 246, 342, 50, 209, 38, 292, 99, 347, 409, 220, 20, 401, 287, 317, 96, 239, 229, 361, 429, 143, 153, 74, 305]
[275, 31, 30, 139, 345, 161, 280, 431, 397, 162, 107, 484, 266, 190, 406, 164, 453, 311, 33, 355, 123, 95, 335, 478, 56]
[78, 42, 19, 166, 159, 117, 143, 215, 417, 67, 276, 479, 434, 210, 317, 152, 252, 75, 99, 237, 271, 114, 123, 240, 124]
[84, 287, 446, 435, 189, 5, 233, 50, 16, 46, 93, 376, 298, 22, 403, 242, 374, 413, 297, 157, 103, 360, 378, 368, 409]
[417, 75, 148, 136, 128, 447, 88, 498, 478, 330, 170, 217, 220, 58, 326, 26, 188, 479, 150, 165, 359, 71, 8, 451, 262]
[224, 418, 374, 104, 253, 240, 126, 376, 480, 99, 153, 4, 108, 86, 429, 69, 66, 256, 233, 248, 379, 131, 171, 441, 176]
[47, 87, 401, 412, 64, 37, 283, 69, 364, 71, 393, 336, 125, 416, 282, 475, 73, 311, 292, 121, 480, 314, 460, 376, 353]
[311, 299, 316, 435, 377, 60, 175, 216, 244, 154, 242, 231, 223, 354, 360, 48, 265, 159, 180, 298, 408, 127, 483, 351, 4]
[222, 457, 22, 226, 36, 75, 56, 462, 325, 65, 369, 18, 130, 171, 107, 113, 163, 132, 41, 207, 67, 74, 435, 153, 203]
[167, 45, 400, 370, 396, 75, 435, 244, 35, 271, 495, 194, 342, 148, 233, 41, 11, 147, 417, 83, 132, 250, 323, 103, 223]
[299, 149, 380, 43, 59, 48, 490, 269, 189, 448, 203, 224, 7, 419, 263, 133, 107, 315, 372, 104, 335, 467, 58, 406, 323]
[137, 420, 131, 157, 200, 271, 198, 449, 72, 325, 102, 139, 98, 39, 30, 386, 427, 356, 465, 208, 357, 8, 328, 483, 162]
[70, 203, 359, 340, 363, 45, 499, 40, 78, 407, 282, 483, 417, 310, 213, 250, 267, 322, 198, 294, 261, 244, 215, 286, 254]
[176, 234, 412, 192, 253, 200, 40, 272, 373, 369, 93, 15, 254, 497, 329, 118, 345, 263, 204, 12, 77, 2, 158, 153, 144]
[300, 461, 91, 320, 173, 90, 205, 301, 81, 332, 495, 37, 359, 12, 227, 403, 249, 109, 262, 181, 157, 397, 138, 323, 60]
[64, 346, 292, 381, 138, 69, 247, 257, 258, 214, 156, 73, 205, 359, 426, 224, 263, 483, 233, 208, 282, 235, 24, 216, 178]
[252, 3, 180, 221, 280, 394, 91, 140, 10, 49, 151, 296, 406, 386, 249, 337, 449, 470, 194, 48, 237, 321, 474, 16, 90]
[145, 106, 50, 75, 12, 337, 427, 460, 193, 88, 150, 458, 184, 70, 305, 39, 325, 49, 386, 74, 261, 142, 408, 468, 378]
[15, 148, 159, 133, 105, 458, 73, 84, 292, 144, 114, 352, 389, 184, 237, 469, 329, 151, 285, 486, 397, 177, 297, 215, 47]
[26, 397, 317, 74, 327, 78, 455, 349, 260, 55, 63, 60, 39, 194, 421, 420, 438, 198, 47, 209, 5, 235, 388, 363, 284]
[333, 91, 205, 450, 183, 406, 230, 215, 102, 179, 259, 402, 35, 417, 78, 162, 47, 25, 265, 110, 496, 446, 6, 423, 350]
[230, 168, 396, 498, 189, 142, 18, 273, 221, 170, 241, 112, 147, 42, 446, 181, 254, 435, 271, 165, 323, 343, 131, 164, 418]
[374, 415, 103, 141, 327, 154, 279, 220, 140, 490, 174, 318, 90, 236, 214, 217, 233, 433, 406, 354, 314, 179, 478, 99, 469]
[134, 164, 156, 225, 234, 44, 219, 148, 116, 200, 442, 107, 347, 194, 113, 259, 255, 341, 227, 69, 373, 366, 16, 209, 480]
[18, 230, 220, 282, 481, 213, 16, 415, 132, 318, 128, 499, 404, 204, 454, 242, 476, 349, 453, 125, 334, 428, 424, 381, 33]
[396, 211, 383, 225, 1, 426, 113, 373, 167, 114, 118, 103, 137, 194, 19, 495, 199, 38, 355, 350, 369, 124, 328, 389, 285]
[23, 196, 387, 96, 158, 343, 354, 495, 257, 331, 105, 87, 82, 379, 328, 353, 269, 324, 363, 63, 481, 32, 117, 498, 19]
[339, 82, 412, 373, 334, 331, 389, 146, 55, 94, 152, 358, 454, 224, 91, 153, 496, 273, 145, 130, 14, 248, 180, 23, 484]
[100, 71, 316, 436, 355, 222, 495, 334, 229, 158, 144, 234, 476, 175, 467, 449, 457, 135, 410, 365, 115, 326, 233, 452, 336]
[458, 382, 272, 104, 78, 15, 394, 107, 339, 438, 490, 376, 66, 462, 373, 398, 337, 216, 393, 399, 428, 311, 19, 186, 196]
[63, 291, 144, 183, 47, 338, 124, 178, 285, 242, 499, 84, 141, 72, 349, 16, 444, 151, 365, 108, 307, 145, 335, 411, 290]
[126, 209, 173, 131, 417, 29, 15, 419, 41, 76, 153, 287, 321, 110, 3, 292, 264, 495, 479, 300, 220, 496, 416, 127, 232]
[242, 443, 454, 91, 131, 69, 158, 62, 143, 213, 366, 10, 146, 206, 204, 135, 417, 362, 251, 191, 472, 106, 468, 15, 203]
[241, 266, 339, 461, 284, 144, 136, 45, 19, 418, 187, 39, 420, 229, 401, 197, 81, 296, 376, 409, 489, 177, 394, 465, 189]
[412, 14, 260, 36, 354, 78, 322, 80, 175, 339, 74, 2, 356, 308, 283, 165, 292, 443, 68, 115, 160, 123, 263, 465, 431]
[391, 64, 304, 99, 175, 485, 493, 147, 369, 126, 36, 31, 58, 232, 322, 292, 13, 317, 289, 438, 221, 306, 244, 367, 117]
[481, 298, 274, 437, 486, 409, 187, 316, 36, 267, 172, 27, 203, 284, 242, 309, 364, 294, 375, 392, 7, 157, 386, 412, 130]
[344, 415, 50, 256, 12, 431, 399, 468, 365, 125, 258, 403, 289, 307, 179, 225, 229, 176, 201, 194, 337, 397, 29, 285, 457]
[196, 213, 186, 350, 317, 281, 482, 437, 122, 81, 158, 443, 333, 140, 137, 163, 52, 225, 401, 121, 27, 395, 400, 406, 312]
[477, 77, 167, 309, 193, 357, 86, 353, 410, 313, 42, 478, 423, 162, 188, 4, 125, 111, 356, 257, 43, 41, 488, 139, 18]
[162, 385, 403, 344, 115, 258, 311, 47, 131, 421, 384, 354, 77, 36, 45, 462, 235, 169, 374, 402, 100, 409, 126, 422, 261]
[78, 340, 25, 84, 12, 417, 349, 59, 420, 231, 132, 283, 18, 186, 294, 471, 299, 440, 465, 483, 303, 187, 342, 178, 219]
[63, 2, 262, 333, 174, 35, 376, 370, 251, 57, 187, 179, 114, 140, 74, 36, 354, 197, 244, 304, 352, 432, 186, 405, 401]
[281, 478, 218, 484, 383, 123, 159, 496, 436, 301, 423, 28, 324, 191, 471, 292, 294, 385, 234, 345, 327, 490, 183, 147, 248]
[78, 246, 133, 331, 390, 335, 50, 91, 434, 486, 180, 153, 165, 38, 277, 430, 191, 123, 170, 61, 178, 239, 187, 107, 395]
[448, 167, 133, 267, 338, 324, 21, 42, 183, 162, 321, 264, 46, 209, 113, 208, 145, 380, 354, 156, 74, 245, 451, 292, 90]
[38, 43, 242, 344, 273, 23, 84, 141, 292, 107, 403, 71, 395, 132, 296, 478, 161, 97, 379, 457, 367, 22, 314, 232, 197]
[46, 368, 377, 465, 67, 408, 354, 96, 153, 351, 417, 24, 363, 111, 426, 406, 390, 128, 156, 66, 310, 238, 418, 137, 292]
[248, 124, 71, 138, 431, 276, 181, 400, 468, 485, 406, 160, 319, 250, 180, 368, 280, 260, 244, 208, 14, 433, 125, 495, 258]
[182, 117, 94, 150, 372, 296, 54, 252, 151, 403, 432, 479, 294, 298, 309, 317, 113, 344, 276, 37, 22, 178, 234, 92, 166]
[300, 224, 384, 361, 387, 89, 28, 343, 298, 241, 75, 148, 208, 405, 6, 16, 103, 311, 468, 51, 168, 252, 205, 251, 48]
[282, 236, 431, 250, 387, 52, 188, 68, 120, 187, 491, 286, 119, 76, 457, 175, 63, 39, 254, 148, 277, 49, 24, 17, 283]
[381, 180, 316, 337, 35, 57, 438, 464, 499, 209, 221, 395, 103, 42, 351, 177, 24, 160, 455, 20, 134, 88, 166, 153, 275]
[491, 163, 84, 315, 144, 421, 419, 116, 134, 364, 439, 128, 293, 208, 325, 245, 121, 102, 18, 153, 274, 334, 284, 438, 354]
[186, 357, 441, 210, 316, 374, 394, 231, 31, 224, 262, 494, 63, 325, 233, 204, 275, 417, 209, 271, 93, 403, 463, 193, 200]
[5, 433, 181, 383, 214, 185, 61, 194, 210, 243, 171, 410, 425, 436, 33, 351, 41, 338, 489, 419, 442, 162, 140, 271, 367]
[85, 187, 330, 231, 282, 116, 94, 365, 138, 379, 34, 309, 475, 431, 74, 497, 265, 370, 438, 125, 201, 455, 171, 385, 159]
[476, 188, 167, 398, 55, 141, 373, 289, 230, 237, 328, 461, 394, 389, 469, 441, 366, 222, 107, 451, 411, 420, 41, 15, 19]
[169, 236, 408, 410, 478, 6, 40, 213, 302, 59, 60, 44, 373, 52, 426, 54, 185, 62, 273, 56, 265, 202, 38, 327, 413]
[125, 354, 97, 79, 375, 343, 372, 281, 437, 233, 499, 342, 285, 291, 322, 17, 307, 59, 37, 416, 96, 323, 91, 422, 99]
[221, 174, 47, 34, 49, 143, 236, 434, 55, 60, 487, 294, 216, 117, 141, 249, 118, 310, 381, 81, 184, 405, 417, 138, 436]
[94, 35, 489, 256, 3, 127, 13, 10, 290, 471, 142, 188, 96, 437, 95, 263, 245, 420, 414, 448, 398, 280, 318, 165, 336]
[78, 106, 122, 306, 499, 107, 390, 224, 272, 421, 292, 398, 350, 134, 375, 7, 253, 316, 79, 216, 301, 108, 63, 127, 370]
[57, 261, 97, 313, 427, 228, 250, 217, 416, 44, 424, 225, 9, 398, 94, 231, 458, 237, 68, 107, 413, 193, 249, 156, 91]
[353, 201, 264, 195, 481, 394, 128, 294, 114, 29, 422, 387, 219, 420, 163, 398, 300, 392, 444, 82, 279, 126, 386, 23, 166]
[289, 108, 59, 319, 73, 435, 274, 184, 304, 406, 114, 394, 54, 332, 51, 119, 96, 26, 61, 196, 252, 478, 39, 266, 85]
[441, 216, 113, 481, 460, 457, 364, 440, 272, 359, 377, 281, 188, 115, 195, 323, 177, 3, 134, 175, 451, 270, 288, 218, 25]
[260, 473, 305, 267, 177, 218, 65, 215, 478, 357, 219, 110, 144, 193, 392, 453, 195, 427, 165, 315, 163, 121, 413, 153, 237]
[221, 78, 242, 279, 113, 190, 161, 499, 88, 430, 56, 244, 495, 105, 496, 241, 10, 329, 220, 8, 307, 361, 343, 54, 70]
[81, 207, 66, 110, 460, 445, 174, 450, 189, 324, 485, 255, 418, 336, 396, 494, 57, 306, 435, 137, 99, 379, 172, 386, 138]
[113, 362, 158, 288, 195, 132, 344, 316, 380, 292, 242, 350, 140, 84, 68, 298, 488, 383, 464, 351, 35, 201, 474, 463, 397]
[155, 335, 416, 470, 27, 467, 413, 437, 6, 273, 192, 342, 302, 100, 428, 397, 255, 99, 367, 307, 5, 310, 348, 151, 269]
[87, 418, 41, 357, 5, 244, 317, 116, 31, 332, 162, 161, 300, 113, 194, 320, 413, 109, 42, 147, 149, 326, 365, 394, 125]
[248, 385, 71, 443, 191, 133, 286, 204, 445, 312, 325, 169, 441, 229, 494, 36, 56, 442, 231, 187, 313, 424, 355, 281, 347]
[189, 426, 180, 497, 33, 407, 171, 163, 392, 130, 75, 117, 432, 198, 282, 434, 22, 12, 216, 449, 20, 295, 277, 120, 496]
[473, 148, 205, 447, 218, 491, 486, 295, 101, 375, 67, 78, 370, 252, 341, 63, 386, 374, 132, 147, 169, 57, 412, 415, 184]
[265, 231, 376, 480, 61, 388, 220, 72, 470, 44, 177, 313, 339, 488, 367, 233, 393, 461, 323, 334, 42, 421, 307, 16, 205]
[47, 78, 264, 184, 274, 70, 193, 32, 414, 33, 103, 220, 36, 412, 182, 380, 457, 424, 260, 231, 140, 454, 191, 256, 129]
[93, 1, 118, 296, 302, 266, 329, 225, 142, 95, 362, 253, 261, 408, 308, 160, 45, 339, 464, 246, 48, 477, 143, 342, 237]
[345, 327, 460, 463, 67, 356, 72, 199, 394, 127, 471, 129, 168, 101, 157, 391, 214, 232, 342, 86, 423, 291, 328, 436, 156]
[207, 104, 361, 438, 474, 176, 60, 484, 194, 152, 360, 85, 80, 425, 218, 328, 412, 195, 193, 67, 36, 362, 177, 481, 434]
[329, 447, 120, 473, 252, 37, 244, 439, 370, 406, 429, 62, 10, 419, 373, 377, 237, 84, 180, 345, 136, 450, 465, 8, 281]
[9, 186, 145, 11, 128, 38, 303, 218, 20, 92, 322, 150, 149, 397, 57, 144, 53, 37, 468, 443, 353, 256, 441, 18, 343]
[482, 333, 311, 321, 465, 373, 55, 44, 63, 421, 70, 313, 35, 254, 150, 258, 399, 110, 268, 463, 448, 425, 300, 475, 423]
[212, 270, 89, 309, 479, 223, 463, 327, 52, 337, 272, 353, 199, 113, 117, 49, 264, 170, 23, 380, 135, 342, 349, 287, 92]
[30, 117, 143, 449, 334, 239, 285, 29, 225, 279, 324, 189, 157, 15, 17, 75, 385, 64, 407, 434, 335, 175, 120, 264, 111]
[379, 101, 122, 304, 197, 81, 68, 255, 188, 221, 97, 234, 406, 18, 195, 473, 327, 219, 469, 138, 6, 270, 481, 162, 60]
[162, 112, 89, 69, 407, 72, 444, 190, 337, 380, 180, 377, 250, 359, 495, 321, 42, 278, 402, 336, 143, 280, 496, 378, 484]
[198, 196, 436, 465, 100, 134, 443, 41, 72, 371, 448, 379, 339, 200, 330, 270, 435, 160, 121, 86, 146, 79, 164, 235, 293]
[293, 476, 307, 296, 409, 474, 13, 248, 197, 2, 226, 55, 117, 190, 192, 131, 432, 105, 89, 191, 413, 267, 25, 155, 70]
[491, 358, 451, 291, 438, 135, 170, 461, 163, 413, 470, 64, 321, 31, 192, 116, 212, 139, 143, 191, 488, 193, 54, 311, 318]
[402, 83, 200, 112, 370, 278, 164, 194, 265, 495, 286, 157, 132, 397, 86, 29, 61, 379, 49, 266, 392, 67, 116, 293, 409]
[62, 209, 8, 96, 359, 408, 46, 301, 417, 172, 236, 120, 69, 131, 369, 264, 164, 128, 75, 451, 326, 364, 456, 80, 220]
[329, 80, 410, 299, 133, 242, 58, 89, 426, 306, 463, 183, 367, 369, 404, 241, 221, 331, 499, 227, 486, 134, 282, 47, 236]
[349, 122, 317, 234, 448, 179, 417, 442, 481, 377, 103, 499, 248, 4, 195, 86, 213, 330, 113, 376, 428, 231, 198, 472, 468]
[380, 223, 407, 255, 276, 341, 57, 6, 495, 283, 138, 285, 475, 75, 248, 281, 493, 335, 300, 115, 2, 416, 38, 216, 131]
[199, 331, 353, 358, 292, 239, 309, 133, 12, 270, 247, 87, 107, 277, 152, 36, 481, 123, 162, 408, 428, 355, 97, 438, 21]
[217, 370, 121, 394, 184, 49, 348, 247, 448, 275, 145, 248, 38, 107, 476, 195, 301, 199, 422, 426, 119, 339, 444, 409, 274]
[280, 180, 395, 226, 172, 162, 307, 430, 138, 387, 475, 242, 284, 297, 437, 48, 349, 300, 394, 330, 483, 212, 49, 396, 171]
[461, 185, 73, 217, 452, 442, 176, 347, 433, 379, 93, 389, 235, 184, 18, 190, 223, 366, 83, 331, 309, 39, 295, 468, 122]
[260, 387, 35, 184, 424, 259, 352, 357, 220, 360, 487, 159, 498, 467, 408, 223, 365, 379, 236, 238, 474, 235, 261, 442, 204]
[414, 106, 164, 168, 39, 51, 8, 9, 186, 460, 323, 14, 38, 313, 43, 451, 416, 415, 369, 234, 365, 241, 472, 280, 162]
[41, 482, 199, 174, 5, 280, 454, 469, 404, 188, 486, 28, 426, 271, 153, 343, 409, 163, 115, 262, 350, 380, 259, 7, 178]
[249, 271, 407, 320, 225, 185, 359, 299, 8, 426, 170, 459, 15, 499, 76, 110, 362, 372, 236, 237, 416, 269, 23, 194, 153]
[289, 330, 104, 340, 92, 136, 323, 116, 89, 193, 252, 117, 160, 498, 40, 357, 477, 451, 191, 490, 407, 309, 228, 347, 124]
[470, 53, 298, 169, 365, 209, 98, 205, 381, 305, 25, 259, 192, 417, 471, 83, 495, 303, 446, 485, 45, 329, 320, 161, 445]
[4, 458, 159, 190, 66, 43, 56, 366, 431, 62, 188, 108, 36, 371, 157, 45, 55, 460, 452, 8, 170, 422, 241, 90, 274]
[108, 150, 347, 238, 105, 413, 90, 155, 293, 331, 490, 252, 129, 493, 301, 235, 449, 302, 464, 130, 244, 233, 190, 242, 461]
[389, 477, 79, 395, 171, 377, 416, 421, 248, 277, 110, 154, 449, 475, 24, 189, 127, 199, 342, 157, 190, 34, 19, 77, 358]
[201, 290, 415, 38, 278, 296, 459, 126, 270, 429, 178, 331, 288, 191, 132, 335, 422, 28, 275, 349, 143, 482, 135, 29, 495]
[354, 79, 424, 121, 379, 45, 212, 125, 142, 17, 22, 261, 487, 138, 216, 88, 217, 288, 336, 413, 1, 363, 427, 313, 390]
[477, 157, 214, 283, 495, 68, 316, 267, 116, 210, 366, 243, 380, 329, 494, 305, 71, 112, 489, 409, 498, 92, 361, 391, 471]
[424, 45, 420, 27, 485, 152, 151, 302, 191, 340, 181, 363, 74, 52, 36, 383, 422, 14, 385, 468, 443, 371, 117, 215, 262]
[407, 75, 32, 229, 279, 8, 487, 38, 22, 428, 3, 300, 320, 21, 46, 449, 111, 419, 442, 131, 116, 109, 470, 161, 396]
[225, 223, 179, 164, 466, 42, 426, 148, 485, 434, 229, 177, 228, 62, 322, 261, 319, 49, 419, 174, 235, 10, 287, 491, 112]
[359, 275, 280, 497, 58, 50, 465, 228, 114, 45, 413, 327, 447, 355, 107, 61, 338, 311, 303, 33, 146, 282, 54, 169, 328]
[480, 226, 54, 177, 396, 283, 222, 492, 76, 184, 58, 419, 275, 459, 201, 126, 165, 352, 113, 144, 464, 488, 109, 86, 123]
[137, 44, 60, 167, 183, 92, 91, 30, 89, 120, 271, 129, 190, 214, 366, 131, 82, 79, 452, 451, 320, 307, 222, 446, 391]
[396, 273, 412, 318, 187, 180, 301, 118, 464, 421, 24, 477, 199, 350, 136, 141, 346, 406, 222, 470, 272, 331, 442, 369, 89]
[439, 449, 8, 239, 130, 403, 136, 288, 472, 484, 325, 416, 135, 423, 60, 278, 114, 139, 313, 253, 354, 141, 474, 462, 250]
[229, 25, 184, 260, 165, 11, 365, 314, 373, 487, 126, 497, 396, 358, 464, 120, 465, 442, 256, 288, 361, 379, 322, 8, 205]
[56, 107, 477, 95, 14, 337, 18, 260, 458, 334, 131, 487, 448, 250, 243, 153, 403, 410, 475, 278, 144, 154, 353, 69, 78]
[476, 434, 393, 249, 474, 332, 244, 346, 2, 478, 486, 71, 75, 463, 430, 78, 88, 308, 176, 409, 4, 185, 320, 64, 252]
[275, 405, 83, 491, 62, 48, 63, 401, 278, 372, 315, 246, 346, 379, 442, 272, 160, 139, 129, 213, 235, 2, 415, 173, 133]
[284, 116, 132, 131, 298, 15, 105, 499, 300, 436, 14, 231, 337, 20, 16, 99, 84, 265, 361, 18, 19, 322, 179, 410, 264]
[497, 458, 267, 313, 348, 443, 488, 188, 189, 45, 481, 6, 387, 27, 283, 250, 243, 496, 33, 288, 30, 444, 406, 153, 128]
[141, 88, 21, 397, 124, 295, 58, 371, 208, 334, 483, 179, 285, 38, 455, 237, 140, 495, 206, 494, 120, 356, 355, 10, 346]
[89, 19, 345, 230, 371, 22, 56, 24, 378, 4, 193, 283, 302, 155, 97, 42, 344, 280, 372, 415, 319, 425, 491, 464, 171]
[379, 485, 115, 313, 479, 431, 137, 80, 335, 125, 457, 283, 264, 439, 27, 201, 481, 48, 5, 157, 99, 321, 342, 430, 213]
[114, 362, 218, 158, 385, 376, 172, 9, 360, 450, 337, 50, 344, 264, 361, 326, 27, 497, 107, 428, 240, 456, 109, 169, 484]
[398, 413, 250, 465, 271, 294, 138, 425, 403, 292, 467, 277, 463, 326, 432, 59, 389, 182, 67, 86, 61, 248, 152, 296, 428]
[28, 311, 380, 30, 432, 107, 498, 275, 493, 377, 61, 3, 383, 173, 236, 25, 349, 449, 363, 188, 95, 346, 141, 117, 190]
[471, 337, 63, 88, 242, 280, 469, 10, 231, 300, 285, 409, 45, 405, 164, 194, 421, 243, 43, 62, 9, 17, 172, 183, 202]
[40, 187, 133, 484, 239, 425, 369, 370, 443, 440, 134, 105, 138, 324, 387, 444, 68, 280, 15, 221, 44, 123, 489, 242, 412]
[95, 316, 147, 430, 381, 280, 79, 117, 346, 126, 153, 115, 54, 384, 226, 288, 229, 453, 265, 383, 205, 189, 358, 92, 191]
[344, 150, 148, 439, 217, 147, 62, 489, 89, 256, 339, 185, 445, 478, 173, 40, 316, 292, 82, 271, 56, 414, 106, 413, 260]
[159, 493, 311, 270, 367, 245, 468, 29, 352, 157, 243, 164, 87, 253, 172, 451, 400, 266, 398, 147, 108, 460, 450, 434, 379]
[210, 201, 457, 83, 357, 439, 468, 256, 349, 186, 98, 232, 171, 491, 250, 12, 28, 402, 113, 34, 96, 319, 347, 169, 301]
[176, 171, 141, 259, 276, 427, 328, 8, 434, 199, 198, 49, 476, 302, 335, 439, 183, 105, 262, 139, 57, 191, 314, 400, 182]
[89, 177, 281, 318, 371, 46, 72, 408, 461, 455, 102, 64, 392, 96, 388, 319, 11, 39, 416, 77, 346, 85, 136, 444, 451]
[214, 358, 395, 375, 170, 451, 139, 122, 129, 345, 128, 19, 147, 262, 396, 150, 326, 452, 85, 97, 293, 243, 8, 384, 341]
[339, 230, 122, 289, 285, 356, 239, 433, 448, 329, 63, 484, 357, 190, 194, 59, 171, 135, 498, 103, 160, 434, 431, 391, 16]
[353, 352, 413, 19, 169, 150, 420, 277, 132, 285, 426, 18, 157, 59, 37, 271, 177, 314, 258, 204, 15, 155, 417, 279, 473]
[4, 50, 437, 489, 235, 209, 363, 360, 54, 6, 419, 364, 445, 472, 168, 309, 270, 387, 113, 38, 112, 414, 427, 229, 174]
[363, 376, 302, 334, 159, 359, 288, 390, 184, 233, 442, 484, 146, 124, 307, 207, 201, 216, 91, 311, 149, 303, 31, 236, 395]
[367, 318, 10, 322, 139, 441, 264, 417, 280, 369, 457, 390, 271, 107, 410, 53, 70, 226, 425, 458, 366, 193, 79, 456, 118]
[334, 392, 131, 374, 441, 330, 234, 71, 235, 10, 498, 38, 313, 113, 7, 352, 236, 96, 251, 153, 276, 206, 77, 142, 250]
[474, 258, 22, 396, 276, 10, 498, 147, 468, 375, 72, 123, 437, 5, 168, 357, 358, 251, 368, 222, 219, 233, 486, 180, 485]
[78, 427, 76, 4, 326, 447, 129, 199, 139, 421, 246, 140, 41, 461, 322, 188, 52, 112, 133, 422, 413, 435, 121, 265, 194]
[421, 330, 276, 427, 296, 125, 304, 80, 53, 289, 481, 62, 412, 194, 416, 255, 170, 350, 235, 219, 422, 6, 265, 340, 191]
[419, 337, 462, 266, 169, 450, 70, 432, 120, 369, 172, 214, 107, 60, 155, 393, 38, 351, 240, 90, 356, 345, 329, 71, 87]
[430, 363, 229, 269, 83, 11, 136, 293, 446, 367, 294, 161, 115, 447, 460, 23, 212, 304, 418, 250, 195, 453, 470, 37, 162]
[70, 14, 84, 217, 131, 443, 114, 395, 399, 85, 52, 473, 155, 290, 381, 403, 497, 105, 414, 32, 238, 177, 186, 412, 275]
[358, 83, 317, 127, 59, 224, 499, 135, 336, 85, 288, 179, 25, 415, 160, 184, 140, 265, 490, 19, 299, 186, 158, 183, 308]
[154, 177, 331, 278, 112, 64, 247, 441, 96, 425, 474, 105, 381, 23, 339, 192, 95, 227, 249, 335, 134, 24, 10, 364, 35]
[397, 337, 183, 36, 49, 480, 471, 12, 274, 35, 374, 454, 214, 143, 298, 305, 319, 389, 296, 379, 357, 323, 221, 115, 283]
[488, 425, 98, 235, 475, 398, 93, 379, 19, 28, 270, 301, 192, 82, 248, 214, 385, 333, 336, 172, 495, 284, 318, 116, 1]
[163, 377, 44, 162, 300, 318, 405, 131, 256, 2, 132, 183, 431, 483, 258, 477, 77, 35, 173, 333, 439, 237, 474, 71, 231]
[419, 92, 318, 273, 389, 86, 236, 6, 335, 157, 183, 174, 482, 219, 313, 348, 413, 291, 453, 96, 299, 188, 37, 111, 162]
[413, 132, 342, 15, 162, 455, 182, 44, 3, 345, 137, 188, 187, 158, 180, 205, 185, 210, 494, 287, 326, 324, 59, 13, 415]
[179, 34, 100, 42, 353, 32, 68, 130, 332, 326, 139, 119, 344, 95, 133, 381, 328, 114, 192, 125, 278, 22, 450, 302, 112]
[459, 9, 182, 237, 385, 148, 494, 339, 160, 125, 78, 220, 213, 71, 440, 274, 151, 206, 81, 384, 493, 366, 412, 307, 245]
[25, 29, 312, 286, 113, 33, 178, 369, 77, 448, 196, 287, 187, 325, 3, 355, 347, 1, 194, 422, 311, 297, 177, 450, 132]
[258, 220, 103, 266, 26, 447, 60, 113, 376, 3, 45, 357, 312, 299, 322, 495, 334, 189, 453, 418, 250, 105, 315, 209, 32]
[360, 200, 371, 179, 490, 14, 3, 36, 428, 98, 46, 177, 188, 61, 75, 257, 195, 16, 87, 26, 463, 486, 242, 160, 474]
[283, 415, 385, 397, 218, 271, 45, 489, 306, 363, 48, 390, 261, 72, 151, 481, 191, 455, 108, 341, 71, 256, 468, 56, 304]
[56, 46, 137, 495, 191, 8, 498, 18, 393, 232, 167, 127, 83, 332, 272, 376, 161, 246, 101, 221, 380, 194, 81, 466, 132]
[457, 51, 328, 39, 370, 289, 50, 303, 277, 53, 324, 330, 349, 166, 235, 353, 367, 350, 89, 458, 60, 283, 498, 342, 365]
[413, 37, 99, 9, 354, 476, 370, 241, 468, 267, 177, 167, 84, 286, 168, 304, 144, 328, 222, 206, 371, 250, 285, 12, 19]
[152, 260, 112, 433, 145, 401, 353, 377, 120, 347, 326, 466, 404, 114, 104, 367, 109, 179, 494, 457, 363, 268, 372, 261, 321]
[60, 433, 48, 197, 401, 206, 228, 349, 371, 96, 29, 260, 5, 120, 169, 310, 153, 93, 185, 462, 110, 443, 269, 346, 284]
[151, 413, 343, 438, 452, 45, 67, 1, 404, 217, 271, 238, 75, 175, 138, 359, 227, 477, 48, 7, 170, 351, 255, 211, 103]
[488, 17, 277, 46, 356, 84, 122, 453, 299, 39, 114, 153, 170, 306, 365, 36, 152, 217, 79, 119, 61, 134, 83, 411, 430]
[184, 173, 157, 358, 185, 160, 441, 439, 363, 355, 443, 382, 253, 364, 180, 272, 453, 316, 368, 384, 26, 425, 225, 143, 246]
[478, 161, 242, 361, 215, 66, 74, 7, 237, 359, 111, 279, 202, 198, 21, 386, 317, 61, 276, 223, 229, 438, 37, 481, 311]
[360, 127, 240, 197, 476, 192, 485, 350, 44, 479, 78, 220, 497, 480, 106, 155, 439, 23, 207, 146, 426, 58, 200, 160, 173]
[471, 66, 417, 51, 485, 296, 430, 62, 264, 239, 302, 245, 4, 326, 261, 482, 441, 155, 473, 489, 140, 283, 225, 19, 64]
[86, 368, 320, 344, 54, 28, 500, 437, 123, 71, 171, 96, 242, 75, 453, 332, 457, 119, 370, 161, 406, 144, 467, 145, 104]
[92, 264, 344, 202, 334, 54, 138, 10, 292, 316, 265, 52, 81, 286, 358, 499, 411, 419, 148, 385, 150, 424, 96, 407, 261]
[130, 1, 178, 430, 417, 405, 411, 231, 43, 267, 479, 31, 291, 367, 26, 450, 460, 304, 387, 203, 32, 249, 354, 154, 125]
[298, 34, 178, 113, 147, 243, 456, 152, 101, 188, 205, 424, 304, 378, 239, 137, 408, 35, 335, 72, 67, 83, 168, 37, 124]
[133, 228, 434, 39, 255, 88, 227, 256, 469, 358, 287, 447, 325, 406, 111, 126, 309, 52, 62, 402, 102, 226, 388, 184, 107]
[268, 147, 137, 290, 249, 271, 225, 475, 128, 207, 90, 102, 397, 314, 252, 428, 448, 135, 406, 133, 414, 339, 202, 220, 177]
[77, 364, 121, 95, 87, 194, 78, 276, 321, 246, 49, 185, 147, 256, 14, 257, 85, 164, 332, 476, 312, 341, 458, 23, 48]
[160, 192, 40, 150, 467, 500, 195, 159, 339, 125, 7, 410, 103, 346, 283, 156, 213, 35, 380, 301, 168, 203, 28, 9, 69]
[203, 258, 215, 387, 149, 31, 381, 253, 154, 177, 163, 32, 318, 77, 452, 251, 450, 288, 396, 377, 10, 218, 236, 343, 357]
[238, 341, 21, 444, 467, 75, 352, 252, 235, 394, 172, 52, 493, 250, 24, 85, 401, 340, 331, 76, 343, 407, 379, 34, 437]
[401, 235, 409, 318, 448, 18, 79, 479, 351, 87, 55, 313, 365, 312, 211, 239, 150, 248, 437, 284, 51, 336, 436, 377, 460]
[212, 101, 198, 303, 156, 165, 199, 50, 477, 284, 274, 232, 376, 39, 188, 286, 56, 321, 34, 395, 253, 45, 486, 414, 462]
[437, 328, 10, 206, 449, 273, 52, 94, 107, 454, 26, 477, 499, 408, 156, 86, 453, 41, 294, 233, 33, 171, 103, 489, 15]
[396, 62, 250, 157, 22, 485, 311, 355, 421, 428, 491, 457, 88, 305, 203, 301, 493, 368, 420, 7, 389, 304, 299, 387, 3]
[134, 164, 392, 445, 162, 33, 475, 253, 107, 303, 378, 140, 315, 197, 273, 295, 59, 301, 44, 333, 69, 299, 309, 454, 51]
[273, 257, 297, 267, 106, 324, 270, 374, 365, 78, 32, 293, 26, 57, 295, 426, 469, 224, 34, 377, 281, 258, 333, 322, 443]
[377, 111, 124, 351, 31, 490, 413, 409, 116, 20, 472, 140, 313, 262, 361, 136, 364, 237, 142, 404, 153, 34, 499, 438, 320]
[44, 36, 51, 157, 364, 491, 449, 334, 500, 150, 387, 276, 289, 354, 440, 70, 66, 305, 403, 360, 99, 237, 172, 228, 490]
[61, 37, 499, 88, 493, 218, 225, 79, 317, 1, 108, 392, 182, 54, 60, 192, 226, 64, 32, 92, 87, 242, 403, 441, 188]
[138, 312, 244, 73, 167, 325, 206, 189, 72, 436, 276, 370, 6, 353, 446, 298, 280, 225, 246, 401, 242, 251, 400, 173, 308]
[145, 250, 417, 106, 342, 474, 449, 373, 460, 22, 192, 325, 378, 151, 144, 171, 38, 372, 142, 138, 238, 39, 17, 281, 316]
[410, 275, 42, 449, 17, 333, 406, 250, 376, 224, 57, 24, 463, 318, 252, 21, 226, 199, 327, 344, 302, 53, 120, 324, 45]
[408, 180, 24, 33, 372, 35, 151, 439, 82, 137, 92, 218, 297, 401, 481, 28, 257, 391, 228, 216, 142, 405, 239, 374, 419]
[261, 342, 226, 225, 463, 481, 100, 30, 314, 228, 466, 17, 260, 231, 352, 176, 18, 274, 340, 10, 403, 435, 384, 287, 430]
[213, 332, 349, 487, 148, 486, 496, 124, 62, 325, 188, 130, 48, 262, 170, 11, 435, 168, 208, 57, 36, 225, 329, 185, 5]
[150, 90, 25, 135, 210, 239, 245, 424, 314, 145, 62, 102, 129, 48, 407, 454, 231, 377, 491, 36, 103, 163, 420, 189, 109]
[133, 129, 70, 255, 90, 100, 487, 80, 148, 83, 207, 16, 150, 102, 409, 325, 278, 240, 196, 223, 282, 175, 221, 447, 495]
[423, 14, 237, 1, 409, 154, 165, 492, 246, 34, 499, 60, 357, 440, 36, 433, 133, 500, 23, 74, 338, 429, 484, 87, 93]
[440, 399, 184, 479, 274, 318, 367, 439, 161, 221, 461, 104, 236, 266, 353, 242, 342, 368, 426, 22, 457, 100, 317, 291, 376]
[276, 398, 407, 486, 278, 488, 405, 33, 321, 148, 246, 288, 363, 459, 497, 368, 221, 236, 238, 130, 331, 95, 395, 109, 484]
[335, 292, 42, 78, 400, 8, 480, 33, 491, 390, 110, 320, 253, 407, 68, 25, 381, 369, 296, 388, 164, 186, 111, 104, 10]
[55, 21, 500, 421, 173, 378, 369, 325, 389, 111, 373, 221, 324, 137, 165, 256, 426, 214, 86, 59, 335, 6, 498, 285, 424]
[290, 361, 163, 481, 485, 212, 133, 171, 390, 440, 339, 152, 317, 479, 322, 429, 328, 165, 248, 284, 319, 41, 226, 428, 112]
[230, 142, 188, 181, 5, 66, 432, 491, 75, 25, 458, 48, 384, 271, 8, 35, 388, 248, 227, 253, 145, 290, 192, 130, 316]
[251, 260, 382, 430, 126, 116, 285, 103, 284, 53, 35, 479, 369, 387, 98, 440, 423, 289, 296, 497, 466, 128, 492, 42, 29]
[152, 101, 440, 256, 81, 65, 379, 43, 331, 85, 76, 302, 15, 4, 380, 10, 277, 142, 390, 87, 138, 30, 294, 355, 170]
[75, 187, 199, 260, 171, 334, 284, 1, 204, 372, 105, 315, 164, 227, 384, 255, 49, 349, 135, 266, 192, 243, 149, 109, 478]
[460, 85, 443, 231, 68, 441, 103, 52, 241, 352, 58, 211, 312, 469, 65, 421, 207, 324, 431, 34, 195, 12, 218, 78, 311]
[184, 172, 102, 260, 116, 366, 318, 327, 107, 209, 376, 384, 476, 173, 440, 91, 12, 113, 143, 423, 85, 82, 308, 137, 30]
[425, 250, 464, 406, 174, 73, 172, 267, 449, 176, 107, 271, 215, 140, 473, 402, 472, 362, 261, 93, 167, 259, 13, 49, 403]
[127, 370, 18, 73, 350, 351, 339, 266, 411, 377, 210, 397, 372, 419, 416, 474, 100, 488, 202, 489, 168, 183, 56, 259, 356]
[405, 351, 449, 363, 194, 442, 111, 64, 266, 231, 238, 220, 419, 6, 46, 291, 393, 383, 125, 232, 131, 495, 320, 172, 378]
[70, 116, 285, 131, 235, 19, 376, 456, 147, 365, 493, 52, 46, 225, 2, 140, 395, 24, 36, 389, 447, 241, 415, 314, 297]
[79, 239, 28, 390, 486, 35, 146, 244, 446, 481, 269, 13, 214, 377, 404, 245, 85, 105, 119, 3, 344, 66, 161, 286, 69]
[276, 363, 198, 299, 24, 209, 104, 272, 463, 112, 357, 403, 227, 64, 365, 26, 233, 340, 261, 187, 163, 94, 312, 150, 395]
[227, 171, 391, 452, 82, 494, 45, 170, 469, 275, 390, 59, 351, 146, 447, 143, 189, 37, 492, 40, 493, 259, 310, 486, 441]
[115, 309, 81, 322, 376, 424, 152, 207, 69, 409, 327, 313, 248, 239, 252, 129, 113, 56, 483, 11, 46, 488, 103, 478, 247]
[376, 393, 232, 294, 37, 142, 195, 459, 230, 351, 380, 424, 456, 122, 109, 13, 472, 306, 66, 92, 153, 435, 320, 99, 442]
[362, 310, 194, 477, 450, 189, 225, 322, 261, 242, 181, 312, 471, 38, 470, 21, 126, 36, 360, 435, 220, 129, 110, 478, 403]
[54, 234, 405, 492, 114, 365, 140, 380, 252, 18, 411, 486, 135, 377, 457, 461, 74, 11, 102, 480, 165, 463, 173, 388, 262]
[48, 360, 141, 26, 136, 307, 52, 465, 252, 77, 51, 75, 70, 377, 91, 114, 214, 371, 302, 158, 122, 398, 72, 216, 353]
[45, 234, 255, 132, 386, 236, 144, 319, 108, 140, 46, 39, 383, 81, 130, 431, 303, 118, 329, 21, 11, 9, 68, 405, 17]
[233, 57, 6, 388, 252, 87, 480, 182, 217, 362, 458, 448, 152, 335, 298, 394, 22, 452, 309, 437, 414, 117, 204, 134, 321]
[4, 220, 305, 15, 436, 125, 145, 248, 318, 240, 225, 367, 105, 323, 429, 32, 450, 262, 141, 249, 298, 177, 80, 277, 500]
[378, 432, 179, 465, 212, 89, 44, 364, 35, 259, 152, 106, 489, 171, 239, 208, 270, 129, 431, 347, 155, 144, 283, 323, 286]
[91, 86, 241, 328, 458, 295, 476, 444, 459, 32, 387, 29, 146, 246, 226, 416, 144, 352, 119, 238, 28, 377, 374, 12, 123]
[25, 145, 209, 123, 467, 481, 266, 475, 70, 292, 462, 421, 19, 253, 488, 263, 77, 365, 391, 135, 364, 425, 358, 32, 325]
[204, 326, 391, 386, 145, 368, 48, 330, 94, 346, 366, 132, 430, 410, 228, 236, 277, 194, 161, 112, 245, 188, 317, 104, 360]
[178, 153, 436, 72, 352, 47, 204, 120, 378, 246, 343, 315, 45, 90, 231, 117, 97, 22, 230, 266, 377, 48, 362, 77, 351]
[13, 323, 354, 261, 153, 221, 260, 284, 481, 408, 73, 244, 446, 85, 6, 27, 470, 337, 483, 468, 142, 104, 425, 103, 211]
[339, 496, 282, 487, 386, 432, 46, 395, 23, 439, 330, 399, 16, 417, 453, 411, 311, 396, 288, 252, 464, 305, 179, 238, 89]
[323, 482, 172, 103, 480, 29, 101, 98, 190, 169, 161, 200, 166, 495, 143, 192, 375, 458, 207, 54, 392, 79, 328, 313, 403]
[159, 339, 27, 370, 102, 249, 140, 8, 326, 25, 205, 304, 222, 267, 239, 197, 138, 322, 1, 37, 78, 108, 299, 44, 282]
[34, 369, 209, 257, 85, 282, 285, 469, 180, 171, 108, 28, 390, 482, 345, 271, 93, 176, 347, 376, 61, 250, 184, 83, 435]
[184, 423, 266, 318, 20, 313, 469, 54, 360, 250, 403, 77, 294, 217, 176, 211, 288, 169, 487, 168, 83, 387, 499, 320, 388]
[301, 392, 424, 43, 349, 216, 26, 70, 418, 345, 429, 128, 423, 323, 85, 460, 112, 114, 30, 452, 276, 125, 427, 17, 28]
[456, 224, 271, 420, 478, 67, 414, 337, 205, 107, 85, 54, 207, 340, 325, 130, 466, 260, 398, 245, 64, 343, 234, 474, 115]
[339, 154, 131, 61, 485, 468, 195, 461, 416, 42, 249, 196, 499, 80, 492, 320, 440, 2, 202, 151, 170, 436, 369, 194, 353]
[59, 460, 191, 82, 317, 124, 106, 139, 385, 179, 182, 73, 245, 159, 446, 259, 38, 462, 57, 6, 253, 474, 273, 132, 348]
[290, 144, 400, 289, 47, 461, 326, 332, 79, 125, 37, 325, 82, 73, 487, 469, 446, 475, 351, 387, 18, 375, 259, 109, 171]
[101, 482, 278, 1, 464, 485, 46, 3, 99, 227, 451, 440, 322, 188, 465, 495, 296, 402, 462, 57, 65, 199, 242, 49, 498]
[214, 59, 215, 494, 23, 497, 335, 163, 85, 46, 323, 25, 133, 267, 441, 313, 6, 294, 309, 397, 184, 7, 318, 394, 300]
[418, 226, 111, 24, 209, 343, 204, 285, 409, 64, 6, 171, 2, 460, 27, 83, 247, 186, 429, 140, 47, 201, 275, 66, 60]
[190, 259, 133, 291, 255, 215, 13, 431, 387, 60, 494, 5, 57, 368, 158, 58, 209, 23, 121, 243, 122, 264, 450, 344, 197]
[214, 297, 337, 356, 196, 494, 21, 336, 252, 236, 469, 363, 2, 79, 428, 299, 458, 58, 186, 29, 436, 181, 37, 206, 367]
[197, 161, 356, 61, 227, 326, 19, 391, 359, 106, 251, 50, 444, 73, 71, 452, 231, 363, 104, 254, 429, 140, 463, 13, 92]
[183, 293, 92, 268, 177, 359, 96, 363, 451, 182, 495, 317, 214, 198, 150, 225, 478, 270, 472, 347, 388, 99, 157, 160, 196]
[281, 259, 352, 364, 481, 48, 273, 165, 362, 116, 155, 401, 436, 203, 218, 294, 246, 342, 95, 278, 154, 63, 201, 129, 146]
[37, 312, 134, 70, 354, 207, 91, 457, 399, 484, 401, 345, 226, 416, 5, 166, 15, 68, 363, 209, 323, 367, 470, 362, 359]
[156, 2, 62, 170, 500, 302, 456, 41, 433, 53, 128, 114, 337, 5, 22, 136, 486, 301, 70, 494, 371, 449, 86, 92, 149]
[363, 94, 293, 149, 24, 331, 90, 100, 489, 391, 276, 136, 21, 225, 246, 137, 287, 83, 144, 290, 448, 193, 187, 339, 207]
[228, 433, 451, 431, 43, 125, 71, 78, 198, 191, 190, 37, 401, 47, 88, 473, 107, 39, 59, 491, 247, 116, 415, 303, 454]
[156, 428, 307, 91, 371, 109, 186, 244, 202, 158, 483, 296, 160, 321, 430, 262, 120, 320, 304, 54, 389, 187, 383, 297, 117]
[97, 498, 325, 176, 241, 448, 23, 304, 353, 125, 429, 43, 192, 254, 333, 345, 422, 275, 93, 189, 126, 411, 230, 64, 8]
[306, 42, 30, 209, 10, 393, 344, 120, 357, 355, 79, 16, 297, 149, 481, 360, 266, 287, 275, 107, 168, 390, 185, 382, 449]
[83, 313, 353, 135, 45, 385, 215, 200, 194, 373, 369, 10, 104, 57, 393, 346, 146, 88, 206, 100, 358, 102, 283, 237, 324]
[417, 202, 142, 487, 244, 110, 276, 358, 216, 277, 228, 454, 250, 273, 125, 91, 401, 278, 64, 472, 482, 223, 81, 408, 83]
[436, 492, 203, 361, 73, 153, 100, 465, 447, 14, 127, 169, 34, 342, 281, 402, 231, 326, 403, 435, 437, 424, 24, 9, 341]
[167, 188, 79, 96, 374, 200, 207, 403, 278, 395, 103, 369, 329, 342, 16, 311, 238, 241, 216, 327, 456, 386, 192, 133, 371]
[211, 171, 36, 234, 221, 203, 331, 447, 74, 183, 464, 370, 317, 400, 422, 218, 178, 86, 42, 153, 16, 161, 333, 32, 286]
[347, 447, 330, 30, 249, 4, 37, 353, 292, 90, 56, 71, 76, 251, 194, 456, 355, 107, 130, 386, 333, 366, 58, 377, 17]
[148, 227, 58, 107, 308, 4, 112, 337, 214, 436, 75, 431, 77, 485, 185, 280, 344, 340, 177, 450, 12, 28, 338, 416, 100]
[378, 235, 433, 397, 295, 2, 207, 146, 344, 293, 342, 129, 351, 69, 361, 118, 263, 175, 443, 491, 120, 203, 380, 172, 115]
[468, 18, 122, 55, 386, 23, 51, 439, 176, 205, 375, 389, 48, 82, 373, 418, 342, 247, 345, 70, 20, 123, 244, 441, 311]
[300, 155, 105, 310, 172, 34, 444, 368, 54, 13, 193, 357, 285, 75, 430, 480, 240, 329, 76, 331, 158, 92, 319, 162, 406]
[19, 484, 217, 296, 357, 498, 340, 10, 344, 71, 482, 389, 276, 97, 452, 206, 414, 134, 187, 470, 214, 219, 494, 281, 355]
[175, 65, 475, 187, 486, 203, 142, 107, 431, 397, 473, 29, 223, 455, 42, 111, 337, 222, 465, 31, 224, 51, 318, 241, 483]
[45, 54, 500, 48, 299, 418, 89, 275, 376, 172, 428, 420, 331, 184, 202, 335, 219, 383, 484, 199, 252, 86, 285, 39, 319]
[296, 118, 121, 186, 91, 152, 159, 221, 285, 404, 214, 447, 225, 132, 469, 212, 42, 223, 384, 347, 470, 382, 260, 480, 500]
[38, 385, 235, 257, 387, 439, 326, 459, 123, 237, 28, 290, 12, 450, 479, 492, 414, 205, 31, 58, 32, 263, 109, 473, 416]
[196, 252, 452, 430, 439, 210, 420, 157, 328, 137, 8, 30, 21, 347, 428, 475, 174, 251, 277, 126, 185, 66, 349, 248, 382]
[125, 10, 54, 351, 251, 333, 67, 224, 413, 3, 419, 270, 437, 66, 402, 435, 178, 256, 93, 79, 249, 342, 483, 238, 265]
[305, 301, 392, 61, 181, 418, 329, 344, 235, 387, 310, 114, 262, 460, 193, 111, 124, 275, 322, 340, 334, 462, 138, 254, 94]
[443, 51, 31, 44, 261, 204, 432, 276, 311, 412, 391, 200, 115, 145, 78, 148, 323, 97, 419, 248, 406, 385, 256, 117, 98]
[490, 66, 186, 212, 202, 455, 56, 238, 209, 321, 105, 75, 500, 264, 12, 487, 235, 263, 391, 350, 298, 21, 182, 91, 431]
[89, 192, 122, 154, 355, 128, 327, 331, 409, 275, 4, 37, 408, 135, 418, 153, 277, 390, 2, 492, 365, 124, 71, 269, 187]
[32, 307, 276, 27, 76, 494, 35, 81, 395, 327, 391, 199, 316, 336, 42, 232, 271, 25, 328, 497, 1, 483, 134, 220, 460]
[270, 96, 53, 330, 174, 293, 215, 279, 235, 464, 237, 383, 435, 357, 69, 404, 43, 473, 219, 139, 91, 497, 499, 242, 256]
[335, 234, 89, 56, 143, 25, 300, 196, 111, 339, 280, 400, 45, 362, 436, 236, 205, 479, 19, 349, 198, 293, 321, 77, 185]
[224, 106, 399, 470, 184, 494, 371, 300, 473, 100, 458, 403, 79, 59, 498, 338, 359, 118, 435, 302, 240, 121, 373, 145, 388]
[454, 139, 274, 260, 162, 415, 398, 384, 426, 223, 330, 185, 101, 42, 80, 98, 17, 397, 249, 356, 272, 235, 51, 116, 483]
[430, 282, 135, 201, 177, 186, 413, 38, 79, 93, 144, 230, 465, 355, 436, 361, 30, 235, 127, 388, 203, 182, 359, 481, 331]
[157, 446, 496, 439, 488, 187, 216, 302, 206, 289, 246, 369, 50, 168, 129, 350, 109, 428, 208, 2, 367, 1, 297, 38, 484]
[401, 76, 220, 391, 53, 381, 317, 481, 275, 325, 374, 243, 107, 145, 104, 174, 412, 261, 367, 180, 159, 27, 351, 235, 421]
[272, 293, 44, 333, 83, 265, 146, 144, 324, 332, 48, 133, 445, 127, 464, 472, 415, 460, 402, 171, 43, 471, 260, 341, 247]
[217, 42, 500, 132, 433, 97, 315, 61, 63, 349, 318, 193, 35, 465, 128, 376, 29, 414, 307, 197, 385, 490, 400, 232, 480]
[40, 402, 159, 343, 471, 128, 27, 204, 11, 98, 393, 373, 353, 242, 1, 207, 45, 470, 330, 257, 155, 185, 213, 289, 308]
[383, 76, 87, 110, 386, 205, 113, 41, 413, 361, 140, 77, 480, 406, 112, 3, 274, 35, 262, 180, 6, 459, 326, 201, 221]
[138, 106, 47, 140, 389, 301, 419, 473, 70, 452, 129, 12, 31, 416, 437, 329, 98, 123, 468, 450, 484, 104, 494, 395, 300]
[341, 246, 269, 180, 234, 384, 105, 84, 266, 185, 196, 104, 402, 224, 251, 364, 152, 44, 145, 107, 271, 228, 345, 237, 158]
[455, 5, 43, 395, 4, 293, 462, 325, 364, 125, 309, 438, 152, 132, 21, 56, 88, 426, 164, 3, 499, 59, 207, 81, 161]
[493, 150, 109, 410, 182, 351, 303, 323, 131, 386, 276, 79, 443, 346, 3, 387, 71, 81, 225, 404, 165, 22, 134, 72, 19]
[327, 460, 126, 89, 496, 52, 8, 294, 207, 257, 151, 436, 362, 462, 123, 130, 104, 158, 72, 310, 212, 139, 186, 204, 240]
[292, 32, 215, 370, 362, 296, 320, 274, 317, 115, 278, 37, 175, 451, 335, 250, 246, 226, 337, 469, 312, 12, 244, 477, 248]
[359, 244, 161, 111, 54, 141, 9, 377, 379, 390, 131, 444, 38, 41, 18, 307, 473, 372, 230, 1, 373, 118, 177, 100, 69]
[404, 210, 405, 195, 33, 395, 150, 94, 152, 459, 500, 414, 480, 290, 243, 283, 107, 242, 396, 415, 314, 126, 236, 313, 175]
[79, 372, 74, 376, 145, 291, 88, 331, 26, 413, 22, 374, 452, 20, 5, 261, 190, 37, 208, 27, 304, 54, 63, 308, 341]
[471, 485, 246, 54, 85, 135, 249, 201, 372, 381, 251, 478, 479, 411, 495, 271, 484, 315, 297, 286, 254, 32, 481, 465, 324]
[251, 440, 105, 430, 44, 393, 419, 286, 337, 310, 159, 375, 494, 47, 229, 487, 203, 398, 334, 483, 313, 91, 470, 84, 24]
[311, 374, 57, 355, 127, 83, 174, 479, 299, 58, 105, 100, 42, 235, 460, 375, 139, 75, 401, 310, 404, 153, 25, 283, 254]
[209, 239, 347, 314, 102, 199, 309, 85, 76, 423, 259, 292, 399, 444, 218, 226, 158, 408, 424, 473, 37, 188, 81, 187, 307]
[452, 433, 62, 481, 261, 213, 207, 173, 93, 155, 74, 241, 35, 16, 443, 416, 381, 400, 9, 450, 423, 459, 342, 466, 184]
[496, 111, 177, 72, 95, 164, 395, 309, 129, 240, 201, 187, 216, 453, 346, 406, 89, 70, 47, 366, 427, 36, 125, 423, 42]
[478, 46, 221, 197, 294, 313, 428, 52, 25, 152, 456, 421, 249, 32, 391, 429, 35, 299, 401, 60, 346, 454, 227, 494, 272]
[472, 161, 384, 196, 18, 71, 240, 19, 363, 66, 301, 310, 285, 211, 186, 228, 313, 123, 141, 77, 39, 127, 111, 216, 385]
[474, 425, 473, 440, 294, 348, 151, 119, 144, 436, 282, 455, 395, 381, 197, 374, 345, 467, 108, 453, 402, 414, 19, 333, 438]
[351, 358, 155, 361, 219, 434, 496, 478, 331, 481, 397, 318, 372, 455, 493, 500, 39, 32, 120, 20, 329, 468, 277, 286, 298]
[348, 148, 37, 74, 147, 16, 29, 299, 12, 375, 454, 214, 18, 461, 453, 283, 255, 125, 165, 194, 127, 330, 312, 390, 499]
[205, 317, 21, 481, 163, 247, 367, 252, 402, 10, 401, 267, 160, 133, 186, 263, 458, 202, 435, 189, 40, 53, 467, 348, 448]
[201, 82, 323, 286, 178, 320, 139, 236, 41, 442, 435, 268, 425, 392, 403, 81, 360, 162, 485, 35, 417, 276, 459, 287, 443]
[441, 393, 478, 245, 149, 325, 109, 365, 250, 82, 155, 122, 464, 270, 201, 24, 215, 198, 380, 345, 212, 57, 268, 409, 203]
[257, 183, 460, 21, 375, 381, 50, 220, 312, 433, 473, 472, 4, 491, 429, 191, 222, 2, 141, 87, 59, 38, 86, 437, 70]
[239, 121, 48, 98, 244, 50, 217, 183, 96, 261, 268, 314, 70, 402, 257, 385, 90, 185, 324, 95, 232, 271, 282, 146, 250]
[96, 123, 215, 463, 334, 340, 307, 92, 485, 390, 335, 460, 38, 230, 222, 228, 56, 248, 32, 91, 275, 214, 348, 455, 163]
[393, 241, 454, 278, 38, 416, 167, 360, 403, 182, 77, 352, 143, 497, 421, 411, 68, 103, 327, 149, 462, 359, 263, 457, 435]
[158, 425, 190, 25, 314, 496, 484, 420, 220, 156, 226, 476, 342, 54, 17, 79, 196, 383, 432, 139, 303, 177, 333, 7, 20]
[341, 42, 249, 119, 139, 28, 48, 416, 472, 460, 137, 8, 430, 58, 440, 85, 404, 189, 261, 82, 255, 165, 47, 355, 273]
[278, 463, 393, 331, 410, 118, 28, 65, 163, 244, 475, 172, 329, 286, 452, 374, 162, 291, 192, 150, 160, 480, 222, 23, 382]
[66, 436, 413, 37, 39, 22, 174, 40, 345, 325, 456, 303, 190, 310, 439, 450, 32, 307, 391, 13, 311, 314, 269, 274, 6]
[281, 290, 66, 74, 39, 395, 307, 318, 14, 47, 84, 353, 233, 437, 243, 336, 159, 240, 113, 271, 199, 412, 458, 309, 400]
[390, 490, 236, 87, 359, 63, 13, 280, 405, 394, 456, 392, 125, 301, 256, 414, 202, 226, 250, 407, 338, 334, 166, 309, 481]
[332, 301, 44, 264, 127, 390, 128, 306, 130, 148, 39, 198, 172, 461, 314, 104, 424, 447, 126, 135, 469, 329, 471, 362, 342]
[60, 473, 360, 499, 133, 94, 104, 295, 58, 112, 72, 114, 444, 353, 241, 379, 103, 20, 470, 51, 233, 480, 471, 29, 301]
[411, 65, 493, 216, 453, 456, 224, 415, 180, 392, 322, 57, 342, 435, 10, 130, 140, 159, 99, 339, 133, 118, 138, 137, 369]
[284, 175, 328, 293, 261, 280, 37, 141, 262, 283, 115, 292, 125, 273, 170, 119, 201, 298, 238, 388, 433, 364, 163, 475, 65]
[234, 492, 201, 12, 383, 185, 323, 466, 433, 443, 278, 30, 471, 476, 424, 384, 308, 338, 450, 273, 474, 339, 468, 190, 32]
[14, 249, 13, 336, 48, 169, 189, 157, 154, 108, 41, 228, 333, 123, 104, 227, 80, 35, 23, 435, 339, 319, 254, 436, 420]
[275, 458, 142, 479, 242, 69, 106, 446, 70, 460, 254, 83, 222, 320, 25, 311, 227, 98, 322, 35, 207, 189, 496, 3, 78]
[386, 286, 174, 34, 285, 162, 288, 33, 90, 191, 213, 113, 6, 63, 471, 417, 451, 394, 478, 240, 112, 193, 287, 64, 26]
[181, 241, 149, 279, 421, 332, 382, 55, 343, 50, 301, 422, 384, 203, 487, 473, 322, 37, 376, 234, 252, 319, 289, 306, 201]
[430, 217, 1, 415, 494, 137, 484, 244, 360, 136, 195, 197, 53, 477, 74, 436, 210, 298, 264, 31, 421, 231, 95, 255, 65]
[435, 139, 456, 417, 245, 467, 482, 78, 262, 174, 469, 126, 476, 75, 103, 17, 380, 491, 285, 488, 331, 427, 376, 310, 266]
[177, 348, 232, 479, 130, 280, 223, 468, 496, 76, 158, 295, 224, 397, 107, 370, 249, 95, 73, 100, 273, 265, 376, 322, 11]
[252, 362, 78, 35, 355, 284, 442, 79, 291, 269, 227, 391, 93, 199, 90, 483, 32, 223, 74, 458, 112, 421, 493, 81, 179]
[395, 307, 296, 137, 500, 328, 64, 498, 31, 112, 392, 52, 160, 220, 357, 53, 252, 281, 316, 321, 259, 174, 345, 93, 4]
[125, 12, 49, 377, 317, 179, 117, 312, 100, 332, 318, 45, 6, 225, 273, 373, 59, 166, 127, 446, 351, 331, 338, 364, 136]
[470, 361, 455, 403, 475, 405, 267, 257, 212, 363, 241, 66, 176, 499, 305, 450, 419, 472, 321, 139, 88, 337, 343, 412, 245]
[71, 217, 412, 239, 122, 442, 143, 429, 208, 45, 89, 364, 331, 236, 318, 227, 11, 258, 88, 295, 175, 352, 83, 449, 142]
[350, 484, 438, 362, 272, 237, 186, 265, 71, 329, 152, 145, 257, 344, 173, 326, 232, 296, 167, 295, 379, 353, 479, 297, 170]
[170, 142, 128, 287, 353, 201, 135, 179, 4, 254, 422, 31, 84, 38, 383, 113, 181, 256, 239, 171, 228, 299, 313, 398, 276]
[199, 177, 462, 322, 2, 59, 257, 238, 135, 479, 17, 10, 197, 458, 147, 369, 312, 492, 87, 29, 146, 133, 175, 22, 173]
[111, 187, 273, 50, 163, 365, 164, 384, 443, 178, 437, 243, 348, 160, 127, 282, 252, 416, 286, 399, 38, 170, 185, 325, 36]
[209, 115, 219, 221, 467, 374, 348, 81, 491, 180, 340, 77, 61, 478, 494, 323, 244, 148, 416, 214, 190, 57, 412, 142, 318]
[111, 438, 211, 497, 358, 324, 296, 213, 397, 464, 372, 399, 193, 307, 207, 421, 152, 160, 137, 321, 251, 326, 468, 436, 173]
[392, 352, 143, 237, 455, 195, 407, 494, 284, 215, 331, 292, 1, 241, 381, 223, 119, 322, 363, 34, 351, 367, 28, 369, 48]
[411, 489, 389, 184, 127, 146, 492, 338, 252, 304, 477, 249, 27, 241, 498, 448, 339, 423, 353, 38, 50, 19, 179, 395, 377]
[283, 38, 177, 222, 185, 161, 343, 488, 19, 159, 379, 133, 322, 188, 315, 211, 212, 447, 131, 489, 21, 353, 376, 476, 62]
[472, 131, 24, 387, 487, 171, 282, 66, 284, 181, 165, 13, 281, 372, 495, 355, 314, 100, 105, 187, 216, 456, 287, 239, 151]
[366, 6, 111, 71, 203, 385, 247, 484, 166, 391, 113, 133, 252, 199, 278, 487, 37, 469, 380, 288, 485, 364, 150, 185, 365]
[110, 58, 333, 340, 201, 483, 344, 284, 326, 167, 203, 468, 411, 121, 210, 115, 341, 389, 498, 113, 86, 151, 207, 140, 138]
[391, 388, 411, 222, 109, 203, 308, 239, 282, 274, 329, 415, 471, 198, 44, 378, 293, 107, 81, 190, 496, 450, 47, 110, 376]
[344, 498, 97, 134, 435, 386, 483, 14, 455, 291, 340, 157, 443, 440, 382, 117, 212, 316, 376, 438, 350, 470, 474, 448, 152]
[452, 165, 176, 311, 500, 160, 182, 330, 216, 260, 284, 6, 235, 404, 496, 335, 364, 209, 361, 185, 319, 30, 262, 72, 485]
[481, 109, 425, 317, 168, 452, 384, 188, 281, 54, 380, 46, 176, 484, 407, 463, 297, 206, 435, 231, 292, 346, 8, 220, 493]
[250, 280, 97, 359, 173, 69, 67, 24, 179, 207, 488, 256, 21, 78, 271, 395, 321, 36, 283, 331, 313, 192, 93, 64, 209]
[160, 475, 119, 226, 148, 263, 149, 491, 477, 47, 89, 199, 177, 437, 248, 72, 474, 45, 345, 159, 208, 500, 287, 200, 435]
[435, 155, 241, 220, 105, 57, 66, 406, 398, 485, 26, 393, 61, 225, 1, 248, 336, 142, 199, 71, 42, 112, 85, 181, 176]
[28, 42, 79, 78, 325, 382, 377, 318, 372, 498, 30, 14, 70, 81, 26, 357, 316, 90, 266, 320, 17, 41, 251, 132, 493]
[317, 456, 424, 27, 428, 177, 95, 396, 394, 356, 196, 483, 465, 91, 219, 10, 43, 103, 496, 347, 115, 299, 130, 166, 81]
[107, 431, 436, 350, 22, 213, 408, 110, 23, 321, 148, 370, 143, 24, 309, 194, 85, 367, 38, 212, 470, 2, 220, 256, 440]
[93, 70, 194, 353, 421, 8, 35, 321, 415, 121, 81, 336, 59, 403, 244, 150, 292, 451, 67, 24, 26, 230, 12, 32, 354]
[241, 495, 429, 51, 322, 259, 397, 380, 388, 55, 34, 11, 405, 370, 312, 342, 280, 437, 23, 65, 46, 133, 70, 236, 276]
[37, 268, 464, 185, 211, 248, 457, 324, 267, 433, 270, 28, 298, 346, 478, 89, 86, 197, 285, 273, 9, 416, 198, 209, 283]
[152, 182, 96, 436, 399, 479, 111, 177, 70, 179, 331, 190, 46, 344, 39, 205, 168, 252, 340, 257, 278, 425, 211, 420, 475]
[483, 427, 377, 212, 335, 457, 207, 302, 70, 232, 330, 496, 4, 240, 292, 249, 341, 305, 42, 280, 434, 499, 485, 376, 214]
[434, 276, 459, 300, 191, 335, 384, 361, 360, 235, 60, 429, 41, 121, 333, 43, 232, 417, 272, 239, 353, 473, 478, 436, 425]
[447, 160, 173, 439, 323, 277, 177, 105, 485, 213, 38, 319, 368, 364, 432, 37, 55, 453, 211, 209, 169, 481, 141, 388, 454]
[91, 38, 352, 203, 52, 292, 296, 159, 424, 42, 457, 376, 55, 404, 130, 239, 127, 364, 118, 277, 359, 305, 334, 353, 467]
[292, 195, 74, 113, 55, 67, 346, 497, 327, 441, 169, 494, 19, 303, 442, 156, 251, 25, 81, 225, 41, 360, 91, 294, 319]
[88, 362, 214, 206, 442, 35, 445, 29, 338, 92, 328, 349, 10, 469, 446, 280, 189, 343, 56, 125, 404, 36, 59, 44, 478]
[146, 125, 185, 219, 141, 341, 197, 147, 174, 414, 405, 246, 213, 299, 357, 86, 301, 94, 73, 300, 42, 378, 122, 455, 233]
[322, 179, 82, 441, 331, 258, 490, 268, 394, 263, 309, 43, 297, 416, 92, 199, 498, 69, 124, 264, 461, 388, 352, 75, 452]
[224, 359, 445, 447, 394, 306, 299, 167, 121, 425, 381, 335, 14, 441, 92, 387, 456, 209, 339, 432, 211, 237, 372, 283, 287]
[86, 400, 241, 298, 337, 372, 268, 299, 409, 367, 422, 153, 498, 342, 85, 417, 210, 414, 250, 495, 359, 173, 142, 233, 439]
[478, 278, 197, 35, 276, 128, 242, 328, 263, 188, 187, 211, 45, 325, 385, 470, 418, 77, 168, 431, 203, 360, 288, 204, 114]
[34, 74, 277, 78, 227, 11, 9, 397, 458, 15, 170, 212, 48, 396, 244, 491, 102, 134, 168, 155, 124, 21, 131, 65, 307]
[486, 48, 397, 473, 18, 355, 29, 49, 499, 331, 229, 170, 314, 441, 350, 139, 495, 362, 101, 381, 237, 60, 196, 228, 41]
[234, 79, 424, 109, 417, 142, 486, 224, 221, 419, 92, 269, 375, 186, 298, 185, 170, 139, 106, 447, 60, 31, 34, 89, 476]
[145, 485, 114, 452, 322, 146, 118, 369, 22, 150, 280, 467, 19, 85, 468, 405, 173, 6, 57, 219, 168, 489, 327, 90, 321]
[273, 197, 4, 398, 365, 161, 276, 317, 113, 404, 78, 153, 282, 27, 58, 203, 339, 313, 123, 332, 280, 494, 489, 88, 117]
[432, 207, 117, 191, 457, 142, 12, 302, 81, 38, 315, 450, 151, 48, 92, 136, 42, 69, 270, 263, 225, 36, 21, 13, 86]
[235, 405, 229, 97, 91, 256, 202, 237, 270, 496, 206, 27, 122, 259, 327, 213, 347, 473, 326, 123, 45, 340, 488, 194, 115]
[169, 42, 45, 327, 96, 226, 279, 136, 416, 181, 238, 227, 206, 267, 421, 415, 44, 108, 214, 129, 6, 262, 173, 50, 25]
[154, 190, 103, 174, 251, 458, 23, 25, 63, 81, 474, 444, 237, 491, 75, 115, 387, 34, 398, 406, 471, 411, 78, 323, 420]
[93, 264, 233, 130, 458, 472, 198, 418, 143, 218, 475, 397, 482, 22, 238, 328, 364, 111, 381, 173, 115, 145, 245, 150, 257]
[177, 273, 187, 351, 454, 154, 224, 40, 193, 451, 113, 164, 143, 230, 318, 323, 6, 111, 412, 322, 70, 139, 169, 153, 52]
[148, 107, 63, 39, 152, 92, 402, 388, 155, 118, 178, 274, 271, 44, 245, 428, 369, 336, 382, 188, 469, 482, 129, 330, 145]
[318, 77, 436, 162, 42, 309, 31, 379, 174, 213, 236, 335, 195, 385, 12, 55, 46, 221, 453, 134, 260, 217, 144, 478, 181]
[234, 314, 114, 405, 432, 264, 133, 54, 381, 470, 262, 439, 225, 89, 215, 180, 273, 159, 283, 259, 221, 75, 346, 166, 255]
[408, 14, 457, 233, 230, 358, 205, 27, 498, 289, 453, 380, 74, 130, 481, 84, 18, 202, 373, 282, 244, 219, 491, 351, 439]
[151, 20, 415, 302, 72, 405, 402, 184, 217, 239, 313, 264, 327, 408, 74, 390, 396, 168, 11, 252, 428, 36, 86, 421, 159]
[495, 259, 93, 100, 191, 21, 306, 473, 297, 403, 352, 144, 47, 54, 61, 82, 305, 486, 416, 425, 499, 139, 70, 292, 236]
[479, 331, 398, 31, 205, 343, 273, 73, 70, 496, 120, 339, 246, 227, 290, 401, 260, 75, 448, 197, 121, 225, 13, 174, 397]
[279, 287, 364, 215, 263, 427, 325, 38, 431, 357, 464, 449, 138, 261, 256, 200, 407, 322, 453, 399, 11, 240, 420, 484, 282]
[403, 437, 6, 461, 398, 38, 319, 37, 102, 469, 11, 404, 407, 201, 206, 90, 415, 23, 401, 292, 84, 311, 14, 451, 65]
[428, 337, 24, 476, 113, 499, 101, 272, 47, 500, 410, 262, 335, 102, 304, 388, 96, 360, 283, 54, 411, 29, 326, 315, 309]
[500, 473, 410, 299, 92, 478, 242, 41, 379, 424, 274, 417, 1, 342, 229, 316, 439, 345, 298, 106, 433, 171, 452, 265, 264]
[303, 396, 67, 407, 101, 188, 96, 187, 226, 190, 323, 491, 214, 288, 62, 93, 281, 244, 29, 485, 477, 381, 478, 402, 343]
[484, 56, 273, 254, 298, 480, 470, 136, 306, 235, 360, 263, 246, 129, 167, 488, 47, 113, 172, 76, 364, 498, 118, 80, 132]
[413, 360, 209, 388, 366, 240, 114, 213, 221, 14, 44, 121, 66, 11, 211, 351, 73, 244, 284, 324, 36, 279, 187, 497, 299]
[269, 60, 36, 252, 181, 402, 287, 157, 400, 284, 384, 466, 459, 154, 159, 221, 215, 470, 270, 412, 366, 281, 55, 326, 355]
[280, 70, 232, 62, 182, 96, 160, 94, 360, 283, 334, 287, 114, 51, 429, 95, 408, 319, 177, 179, 412, 50, 341, 222, 235]
[127, 335, 451, 322, 360, 264, 350, 263, 494, 426, 500, 293, 382, 324, 280, 236, 162, 230, 477, 366, 415, 69, 6, 111, 24]
[221, 295, 35, 18, 484, 364, 130, 470, 378, 113, 156, 282, 76, 235, 245, 180, 218, 478, 229, 191, 344, 407, 459, 59, 30]
[437, 412, 442, 299, 180, 215, 132, 461, 283, 497, 239, 278, 387, 347, 152, 360, 254, 26, 193, 391, 328, 246, 493, 323, 276]
[9, 344, 263, 149, 27, 294, 486, 144, 448, 468, 476, 414, 266, 500, 404, 104, 467, 478, 329, 190, 415, 42, 385, 382, 386]
[320, 28, 417, 83, 142, 416, 477, 106, 355, 67, 140, 77, 430, 189, 168, 357, 24, 123, 226, 486, 436, 243, 365, 293, 46]
[404, 108, 111, 142, 388, 87, 213, 447, 340, 387, 229, 367, 326, 277, 143, 256, 133, 88, 285, 255, 115, 311, 291, 63, 36]
[51, 70, 97, 162, 195, 48, 88, 47, 209, 230, 310, 455, 214, 161, 430, 383, 390, 317, 381, 448, 237, 236, 38, 414, 269]
[389, 249, 164, 142, 192, 246, 362, 403, 207, 300, 44, 277, 131, 386, 473, 456, 119, 92, 8, 360, 480, 435, 124, 219, 245]
[188, 364, 280, 475, 128, 120, 365, 356, 445, 335, 351, 470, 117, 15, 23, 278, 309, 114, 402, 484, 175, 460, 232, 449, 140]
[417, 66, 151, 183, 274, 410, 405, 38, 464, 153, 437, 168, 474, 254, 164, 366, 495, 24, 223, 41, 336, 466, 217, 188, 319]
[441, 413, 382, 352, 357, 292, 178, 273, 17, 50, 393, 401, 1, 51, 399, 34, 146, 119, 480, 395, 484, 64, 81, 35, 177]
[393, 361, 7, 383, 58, 288, 2, 335, 287, 276, 282, 341, 444, 67, 221, 120, 453, 60, 495, 302, 224, 142, 251, 455, 484]
[31, 438, 157, 445, 75, 350, 51, 435, 142, 370, 1, 219, 136, 2, 74, 444, 267, 116, 187, 205, 253, 4, 149, 56, 86]
[308, 339, 132, 187, 326, 180, 10, 124, 185, 309, 470, 499, 381, 362, 240, 489, 485, 417, 48, 79, 340, 253, 400, 273, 440]
[376, 283, 205, 470, 457, 345, 233, 235, 182, 134, 421, 302, 11, 199, 40, 471, 495, 19, 138, 328, 423, 65, 422, 64, 16]
[462, 360, 155, 289, 268, 361, 178, 219, 73, 175, 159, 163, 275, 258, 185, 9, 419, 401, 184, 37, 70, 320, 64, 142, 100]
[20, 247, 161, 260, 155, 159, 133, 141, 475, 146, 125, 89, 289, 300, 253, 256, 293, 468, 491, 5, 395, 188, 241, 435, 99]
[274, 323, 492, 470, 194, 367, 350, 239, 326, 364, 489, 115, 353, 1, 65, 223, 380, 267, 393, 69, 363, 271, 67, 430, 192]
[242, 338, 304, 228, 265, 474, 294, 433, 438, 159, 49, 28, 457, 141, 421, 143, 47, 450, 223, 40, 82, 495, 263, 430, 182]
[258, 292, 447, 465, 117, 200, 196, 128, 497, 108, 379, 423, 50, 273, 279, 87, 81, 158, 257, 366, 347, 472, 52, 112, 37]
[494, 349, 90, 481, 132, 400, 109, 124, 406, 419, 68, 340, 234, 112, 485, 435, 471, 311, 53, 82, 286, 440, 225, 119, 378]
[375, 173, 178, 216, 473, 466, 48, 6, 214, 167, 75, 452, 110, 39, 423, 254, 240, 69, 323, 255, 454, 134, 199, 420, 175]
[243, 343, 485, 186, 131, 111, 407, 110, 225, 171, 133, 113, 2, 40, 381, 207, 374, 441, 20, 417, 464, 30, 345, 268, 149]
[443, 465, 429, 482, 382, 12, 267, 203, 268, 286, 469, 287, 225, 183, 257, 145, 279, 390, 149, 299, 326, 98, 192, 440, 497]
[250, 12, 74, 233, 105, 444, 228, 341, 101, 259, 36, 404, 298, 395, 5, 159, 415, 256, 297, 30, 430, 140, 180, 67, 368]
[366, 299, 298, 98, 234, 271, 62, 328, 245, 180, 449, 278, 485, 301, 405, 21, 285, 164, 426, 29, 236, 161, 341, 243, 335]
[141, 441, 147, 380, 83, 221, 20, 268, 351, 61, 47, 171, 11, 490, 239, 445, 302, 419, 325, 391, 479, 138, 408, 247, 261]
[251, 210, 127, 245, 261, 483, 359, 159, 134, 497, 63, 366, 138, 130, 277, 442, 99, 227, 153, 318, 498, 204, 135, 240, 363]
[230, 479, 391, 198, 77, 55, 54, 435, 337, 177, 326, 145, 171, 174, 344, 409, 244, 401, 46, 336, 306, 335, 280, 325, 372]
[48, 188, 392, 19, 183, 46, 142, 132, 138, 448, 319, 72, 325, 10, 98, 242, 270, 203, 226, 230, 107, 225, 329, 261, 18]
[415, 426, 279, 228, 480, 437, 445, 58, 23, 343, 47, 395, 347, 62, 61, 155, 29, 104, 55, 45, 112, 26, 213, 43, 243]
[28, 106, 343, 322, 330, 282, 136, 408, 283, 118, 368, 386, 349, 308, 453, 47, 416, 420, 96, 220, 398, 494, 304, 42, 48]
[447, 135, 206, 350, 452, 331, 301, 310, 484, 412, 173, 89, 104, 38, 134, 149, 88, 93, 249, 16, 223, 150, 195, 376, 442]
